0.0000000000e+00  1.5229979745e-08
6.1626662449e-13  1.9710812580e-08
1.2325332490e-12  2.5462528807e-08
1.8487998735e-12  3.2831470913e-08
2.4650664980e-12  4.2254303713e-08
3.0813331225e-12  5.4280440190e-08
3.6975997470e-12  6.9599733141e-08
4.3138663715e-12  8.9076591423e-08
4.9301329960e-12  1.1379191545e-07
5.5463996205e-12  1.4509452595e-07
6.1626662449e-12  1.8466408992e-07
6.7789328694e-12  2.3458793608e-07
7.3951994939e-12  2.9745460773e-07
8.0114661184e-12  3.7646753411e-07
8.6277327429e-12  4.7558282262e-07
9.2439993674e-12  5.9967589647e-07
9.8602659919e-12  7.5474253832e-07
1.0476532616e-11  9.4814086545e-07
1.1092799241e-11  1.1888818712e-06
1.1709065865e-11  1.4879774385e-06
1.2325332490e-11  1.8588561814e-06
1.2941599114e-11  2.3178591194e-06
1.3557865739e-11  2.8848290573e-06
1.4174132363e-11  3.5838096454e-06
1.4790398988e-11  4.4438724619e-06
1.5406665612e-11  5.5000930991e-06
1.6022932237e-11  6.7947001708e-06
1.6639198861e-11  8.3784244174e-06
1.7255465486e-11  1.0312078660e-05
1.7871732110e-11  1.2668403286e-05
1.8487998735e-11  1.5534216210e-05
1.9104265359e-11  1.9012910898e-05
1.9720531984e-11  2.3227350982e-05
2.0336798608e-11  2.8323215336e-05
2.0953065233e-11  3.4472853053e-05
2.1569331857e-11  4.1879713707e-05
2.2185598482e-11  5.0783424366e-05
2.2801865106e-11  6.1465591130e-05
2.3418131731e-11  7.4256409351e-05
2.4034398355e-11  8.9542173058e-05
2.4650664980e-11  1.0777378034e-04
2.5266931604e-11  1.2947633740e-04
2.5883198229e-11  1.5525996960e-04
2.6499464853e-11  1.8583195256e-04
2.7115731478e-11  2.2201028050e-04
2.7731998102e-11  2.6473879218e-04
2.8348264727e-11  3.1510397581e-04
2.8964531351e-11  3.7435357493e-04
2.9580797976e-11  4.4391711453e-04
3.0197064600e-11  5.2542846282e-04
3.0813331225e-11  6.2075053640e-04
3.1429597849e-11  7.3200224675e-04
3.2045864474e-11  8.6158777218e-04
3.2662131098e-11  1.0122282217e-03
3.3278397723e-11  1.1869957353e-03
3.3894664347e-11  1.3893500396e-03
3.4510930972e-11  1.6231774443e-03
3.5127197596e-11  1.8928322314e-03
3.5743464221e-11  2.2031803435e-03
3.6359730845e-11  2.5596452316e-03
3.6975997470e-11  2.9682556692e-03
3.7592264094e-11  3.4356952784e-03
3.8208530719e-11  3.9693534505e-03
3.8824797343e-11  4.5773772704e-03
3.9441063968e-11  5.2687239815e-03
4.0057330592e-11  6.0532134450e-03
4.0673597217e-11  6.9415799642e-03
4.1289863841e-11  7.9455227587e-03
4.1906130466e-11  9.0777542849e-03
4.2522397090e-11  1.0352045508e-02
4.3138663715e-11  1.1783267148e-02
4.3754930339e-11  1.3387425829e-02
4.4371196964e-11  1.5181693997e-02
4.4987463588e-11  1.7184432380e-02
4.5603730213e-11  1.9415203709e-02
4.6219996837e-11  2.1894776380e-02
4.6836263462e-11  2.4645116666e-02
4.7452530086e-11  2.7689368111e-02
4.8068796711e-11  3.1051816692e-02
4.8685063335e-11  3.4757840396e-02
4.9301329960e-11  3.8833841859e-02
4.9917596584e-11  4.3307162841e-02
5.0533863209e-11  4.8205979345e-02
5.1150129833e-11  5.3559176377e-02
5.1766396458e-11  5.9396201456e-02
5.2382663082e-11  6.5746896216e-02
5.2998929707e-11  7.2641305632e-02
5.3615196331e-11  8.0109464678e-02
5.4231462956e-11  8.8181162515e-02
5.4847729580e-11  9.6885684615e-02
5.5463996205e-11  1.0625153356e-01
5.6080262829e-11  1.1630612966e-01
5.6696529454e-11  1.2707549287e-01
5.7312796078e-11  1.3858390795e-01
5.7929062703e-11  1.5085357515e-01
5.8545329327e-11  1.6390424914e-01
5.9161595952e-11  1.7775286942e-01
5.9777862576e-11  1.9241318562e-01
6.0394129200e-11  2.0789538170e-01
6.1010395825e-11  2.2420570327e-01
6.1626662449e-11  2.4134609263e-01
6.2242929074e-11  2.5931383642e-01
6.2859195698e-11  2.7810123078e-01
6.3475462323e-11  2.9769526949e-01
6.4091728947e-11  3.1807736018e-01
6.4707995572e-11  3.3922307401e-01
6.5324262196e-11  3.6110193406e-01
6.5940528821e-11  3.8367724750e-01
6.6556795445e-11  4.0690598641e-01
6.7173062070e-11  4.3073872170e-01
6.7789328694e-11  4.5511961421e-01
6.8405595319e-11  4.7998646670e-01
6.9021861943e-11  5.0527083942e-01
6.9638128568e-11  5.3089823175e-01
7.0254395192e-11  5.5678833145e-01
7.0870661817e-11  5.8285533201e-01
7.1486928441e-11  6.0900831814e-01
7.2103195066e-11  6.3515171830e-01
7.2719461690e-11  6.6118582209e-01
7.3335728315e-11  6.8700735966e-01
7.3951994939e-11  7.1251013921e-01
7.4568261564e-11  7.3758573758e-01
7.5184528188e-11  7.6212423829e-01
7.5800794813e-11  7.8601501040e-01
7.6417061437e-11  8.0914752064e-01
7.7033328062e-11  8.3141217099e-01
7.7649594686e-11  8.5270115273e-01
7.8265861311e-11  8.7290930805e-01
7.8882127935e-11  8.9193498949e-01
7.9498394560e-11  9.0968090759e-01
8.0114661184e-11  9.2605495685e-01
8.0730927809e-11  9.4097101027e-01
8.1347194433e-11  9.5434967283e-01
8.1963461058e-11  9.6611898476e-01
8.2579727682e-11  9.7621506590e-01
8.3195994307e-11  9.8458269306e-01
8.3812260931e-11  9.9117580302e-01
8.4428527556e-11  9.9595791490e-01
8.5044794180e-11  9.9890246639e-01
8.5661060805e-11  9.9999305944e-01
8.6277327429e-11  9.9922361241e-01
8.6893594054e-11  9.9659841655e-01
8.7509860678e-11  9.9213209612e-01
8.8126127303e-11  9.8584947271e-01
8.8742393927e-11  9.7778533549e-01
8.9358660552e-11  9.6798412030e-01
8.9974927176e-11  9.5649950187e-01
9.0591193801e-11  9.4339390428e-01
9.1207460425e-11  9.2873793595e-01
9.1823727050e-11  9.1260975628e-01
9.2439993674e-11  8.9509438199e-01
9.3056260299e-11  8.7628294164e-01
9.3672526923e-11  8.5627188750e-01
9.4288793548e-11  8.3516217433e-01
9.4905060172e-11  8.1305841481e-01
9.5521326797e-11  7.9006802136e-01
9.6137593421e-11  7.6630034430e-01
9.6753860046e-11  7.4186581575e-01
9.7370126670e-11  7.1687510864e-01
9.7986393295e-11  6.9143831953e-01
9.8602659919e-11  6.6566418347e-01
9.9218926544e-11  6.3965932846e-01
9.9835193168e-11  6.1352757615e-01
1.0045145979e-10  5.8736929486e-01
1.0106772642e-10  5.6128080980e-01
1.0168399304e-10  5.3535387471e-01
1.0230025967e-10  5.0967520798e-01
1.0291652629e-10  4.8432609551e-01
1.0353279292e-10  4.5938206147e-01
1.0414905954e-10  4.3491260737e-01
1.0476532616e-10  4.1098101883e-01
1.0538159279e-10  3.8764423871e-01
1.0599785941e-10  3.6495280436e-01
1.0661412604e-10  3.4295084622e-01
1.0723039266e-10  3.2167614431e-01
1.0784665929e-10  3.0116023856e-01
1.0846292591e-10  2.8142858855e-01
1.0907919254e-10  2.6250077794e-01
1.0969545916e-10  2.4439075845e-01
1.1031172578e-10  2.2710712827e-01
1.1092799241e-10  2.1065343944e-01
1.1154425903e-10  1.9502852909e-01
1.1216052566e-10  1.8022686915e-01
1.1277679228e-10  1.6623892947e-01
1.1339305891e-10  1.5305154952e-01
1.1400932553e-10  1.4064831394e-01
1.1462559216e-10  1.2900992773e-01
1.1524185878e-10  1.1811458700e-01
1.1585812541e-10  1.0793834174e-01
1.1647439203e-10  9.8455447351e-02
1.1709065865e-10  8.9638702189e-02
1.1770692528e-10  8.1459768683e-02
1.1832319190e-10  7.3889476067e-02
1.1893945853e-10  6.6898103151e-02
1.1955572515e-10  6.0455639948e-02
1.2017199178e-10  5.4532027339e-02
1.2078825840e-10  4.9097374306e-02
1.2140452503e-10  4.4122152600e-02
1.2202079165e-10  3.9577368980e-02
1.2263705827e-10  3.5434715443e-02
1.2325332490e-10  3.1666698078e-02
1.2386959152e-10  2.8246745391e-02
1.2448585815e-10  2.5149297103e-02
1.2510212477e-10  2.2349874550e-02
1.2571839140e-10  1.9825133945e-02
1.2633465802e-10  1.7552903808e-02
1.2695092465e-10  1.5512207934e-02
1.2756719127e-10  1.3683275291e-02
1.2818345789e-10  1.2047538244e-02
1.2879972452e-10  1.0587620468e-02
1.2941599114e-10  9.2873159065e-03
1.3003225777e-10  8.1315600552e-03
1.3064852439e-10  7.1063948032e-03
1.3126479102e-10  6.1989279898e-03
1.3188105764e-10  5.3972887543e-03
1.3249732427e-10  4.6905796772e-03
1.3311359089e-10  4.0688266173e-03
1.3372985752e-10  3.5229270673e-03
1.3434612414e-10  3.0445977566e-03
1.3496239076e-10  2.6263221462e-03
1.3557865739e-10  2.2612983757e-03
1.3619492401e-10  1.9433881395e-03
1.3681119064e-10  1.6670668946e-03
1.3742745726e-10  1.4273757317e-03
1.3804372389e-10  1.2198751718e-03
1.3865999051e-10  1.0406010934e-03
1.3927625714e-10  8.8602293891e-04
1.3989252376e-10  7.5300429935e-04
1.4050879038e-10  6.3876593594e-04
1.4112505701e-10  5.4085125579e-04
1.4174132363e-10  4.5709422981e-04
1.4235759026e-10  3.8558971177e-04
1.4297385688e-10  3.2466609574e-04
1.4359012351e-10  2.7286023036e-04
1.4420639013e-10  2.2889449433e-04
1.4482265676e-10  1.9165592675e-04
1.4543892338e-10  1.6017729799e-04
1.4605519001e-10  1.3362000232e-04
1.4667145663e-10  1.1125865071e-04
1.4728772325e-10  9.2467242093e-05
1.4790398988e-10  7.6706792441e-05
1.4852025650e-10  6.3514303940e-05
1.4913652313e-10  5.2492960325e-05
1.4975278975e-10  4.3303439212e-05
1.5036905638e-10  3.5656237728e-05
1.5098532300e-10  2.9304913614e-05
1.5160158963e-10  2.4040150186e-05
1.5221785625e-10  1.9684559911e-05
1.5283412287e-10  1.6088147711e-05
1.5345038950e-10  1.3124361450e-05
1.5406665612e-10  1.0686663194e-05
1.5468292275e-10  8.6855607842e-06
1.5529918937e-10  7.0460449256e-06
1.5591545600e-10  5.7053823469e-06
1.5653172262e-10  4.6112206320e-06
1.5714798925e-10  3.7199649912e-06
1.5776425587e-10  2.9953915845e-06
1.5838052250e-10  2.4074659869e-06
1.5899678912e-10  1.9313390291e-06
1.5961305574e-10  1.5464955547e-06
1.6022932237e-10  1.2360346262e-06
1.6084558899e-10  9.8606240395e-07
1.6146185562e-10  7.8518133303e-07
1.6207812224e-10  6.2406141829e-07
1.6269438887e-10  4.9508127828e-07
1.6331065549e-10  3.9202835082e-07
1.6392692212e-10  3.0984910765e-07
1.6454318874e-10  2.4444143582e-07
1.6515945536e-10  1.9248247951e-07
1.6577572199e-10  1.5128622463e-07
1.6639198861e-10  1.1868596572e-07
1.6700825524e-10  9.2937535727e-08
1.6762452186e-10  7.2639816749e-08
1.6824078849e-10  5.6669597643e-08
1.6885705511e-10  4.4128312553e-08
1.6947332174e-10  3.4298593739e-08
1.7008958836e-10  2.6608911544e-08
1.7070585499e-10  2.0604861880e-08
1.7132212161e-10  1.5925904520e-08
1.7193838823e-10  1.2286560115e-08
1.7255465486e-10  9.4612455549e-09
1.7317092148e-10  7.2720711721e-09
1.7378718811e-10  5.5790432650e-09
1.7440345473e-10  4.2722153898e-09
1.7501972136e-10  3.2654147723e-09
1.7563598798e-10  2.4912388516e-09
1.7625225461e-10  1.8970736224e-09
1.7686852123e-10  1.4419320828e-09
1.7748478785e-10  1.0939493801e-09
1.7810105448e-10  8.2840259420e-10
1.7871732110e-10  6.2614868977e-10
1.7933358773e-10  4.7239501301e-10
1.7994985435e-10  3.5573363850e-10
1.8056612098e-10  2.6738458541e-10
1.8118238760e-10  2.0060400591e-10
1.8179865423e-10  1.5022237989e-10
1.8241492085e-10  1.1228493109e-10
1.8303118747e-10  8.3772237981e-11
1.8364745410e-10  6.2383618354e-11
1.8426372072e-10  4.6369541994e-11
1.8487998735e-10  3.4402250490e-11
1.8549625397e-10  2.5476085828e-11
1.8611252060e-10  1.8830868695e-11
1.8672878722e-10  1.3893120708e-11
1.8734505385e-10  1.0231070213e-11
1.8796132047e-10  7.5202819487e-12
1.8857758710e-10  5.5174573375e-12
1.8919385372e-10  4.0405049795e-12
1.8981012034e-10  2.9534125162e-12
1.9042638697e-10  2.1547871545e-12
1.9104265359e-10  1.5691933064e-12
1.9165892022e-10  1.1406182554e-12
1.9227518684e-10  8.2755333164e-13
1.9289145347e-10  5.9929888119e-13
1.9350772009e-10  4.3319431104e-13
1.9412398672e-10  3.1254591311e-13
1.9474025334e-10  2.2507989628e-13
1.9535651996e-10  1.6178989400e-13
1.9597278659e-10  1.1608012758e-13
1.9658905321e-10  8.3129690803e-14
1.9720531984e-10  5.9421861910e-14
1.9782158646e-10  4.2396318733e-14
1.9843785309e-10  3.0192692464e-14
1.9905411971e-10  2.1461859155e-14
